0 877.581306
1 702.451507
2 605.779416
3 512.202618
4 382.882132
5 291.036749
6 220.210527
7 171.666524
8 125.948181
9 111.683722
10 87.544288
11 73.882805
12 69.046990
13 54.213924
14 48.823178
15 48.253562
16 40.318125
17 43.656248
18 40.691655
19 46.204314
20 38.496581
21 33.333435
22 41.020320
23 39.062917
24 35.327862
25 32.625724
26 32.548793
27 32.329447
28 29.199190
29 34.736579
30 34.303369
31 30.494158
32 36.224773
33 32.322673
34 33.902067
35 34.122050
36 37.113602
37 35.202408
38 35.424949
39 36.584254
40 33.313426
41 36.618398
42 42.440342
43 38.953768
44 35.137895
45 29.542962
46 44.595846
47 37.551963
48 27.864684
49 22.193996
50 25.466719
51 28.135099
52 23.781027
53 29.652317
54 21.987011
55 27.113789
56 27.658367
57 30.945934
58 28.316431
59 30.537915
60 36.371270
61 30.018232
62 18.404085
63 14.631092
64 26.922335
65 27.633935
66 27.727690
67 22.889761
68 28.343156
69 23.781650
70 26.401811
71 24.691132
72 29.977271
73 28.996522
74 34.416358
75 28.242883
76 33.004340
77 25.152861
78 26.718761
79 35.675970
80 48.273831
81 30.797938
82 37.335159
83 43.901627
84 39.243232
85 30.229338
86 28.552948
87 27.763351
88 30.718117
89 32.236980
90 34.200063
91 28.285803
92 23.992448
93 24.555127
94 25.790980
95 28.652770
96 33.470094
97 27.185262
98 28.031450
99 36.089579
100 34.062179
101 32.410860
102 35.845063
103 35.369742
104 32.891449
105 32.195170
106 28.988660
107 24.538805
108 28.012434
109 33.817472
110 34.477606
111 33.474280
112 30.331987
113 32.965093
114 28.365190
115 25.789145
116 21.426221
117 19.290318
118 20.887136
119 29.365391
120 27.087353
121 21.675023
122 20.963744
123 24.890791
124 21.901967
125 26.463113
126 35.531257
127 34.860606
128 31.989220
129 33.132029
130 40.334462
131 56.079724
132 42.209239
133 42.008517
134 39.874732
135 36.424986
136 29.907551
137 33.003230
138 22.578339
139 28.735285
140 27.259776
141 28.277126
142 27.754420
143 33.885058
144 28.933326
145 29.939058
146 29.934145
147 27.340683
148 30.459457
149 36.470658
150 33.635732
151 27.654947
152 25.005104
153 27.737286
154 30.555355
155 31.005457
156 33.455642
157 36.190439
158 37.237551
159 41.273893
160 44.469803
161 41.176519
162 34.067467
163 27.523691
164 28.125904
165 29.345456
166 29.341684
167 37.005803
168 44.475852
169 39.934479
170 33.824629
171 35.690881
172 30.694012
173 30.026282
174 30.896465
175 33.623752
176 38.241981
177 25.890424
178 23.024371
179 27.915120
180 29.599397
181 39.102620
182 33.577505
183 34.889230
184 35.046061
185 45.126895
186 44.230590
187 40.179253
188 32.647195
189 27.474091
190 24.972385
191 27.334649
192 31.249612
193 35.629832
194 26.162870
195 25.297777
196 27.067029
197 26.139348
198 27.388534
199 27.492246
200 33.048695
201 31.068972
202 29.100593
203 33.743903
204 30.588231
205 35.242846
206 36.186363
207 35.372327
208 36.365316
209 31.017665
210 31.951880
211 24.983626
212 24.843395
213 21.491919
214 26.310712
215 24.973119
216 26.850954
217 27.875753
218 28.449046
219 31.047673
220 36.425992
221 40.023918
222 35.082542
223 40.815442
224 48.116251
225 37.693853
226 31.928005
227 30.629213
228 24.682658
229 29.342246
230 28.990169
231 36.254194
232 27.964789
233 27.236832
234 31.424235
235 30.519339
236 27.708035
237 25.972093
238 27.186289
239 27.805932
240 29.471278
241 30.918084
242 24.817462
243 21.550563
244 28.543783
245 32.578927
246 31.277943
247 31.553625
248 27.851283
249 28.002425
250 35.069396
251 28.403662
252 30.133245
253 27.155329
254 33.057835
255 25.621341
256 23.812840
257 23.422015
258 24.114839
259 27.312597
260 28.301854
261 36.697958
262 33.128363
263 35.941211
264 38.962226
265 34.811134
266 29.295382
267 27.061017
268 38.296883
269 39.958194
270 32.706697
271 35.667370
272 27.065419
273 24.811388
274 30.478088
275 33.553750
276 33.412986
277 42.361409
278 39.797253
279 30.194663
280 36.166987
281 45.800546
282 43.522349
283 36.966722
284 28.067729
285 27.852692
286 32.829359
287 26.556736
288 35.937875
289 37.169994
290 39.275469
291 32.251883
292 43.583020
293 36.798951
294 36.680081
295 30.745111
296 32.158083
297 39.226113
298 36.142910
299 33.955120
300 24.157817
301 32.717535
302 36.215242
303 37.616909
304 31.186454
305 30.823340
306 33.034016
307 25.611474
308 27.286625
309 20.377736
310 24.113657
311 25.811504
312 27.830358
313 26.397112
314 32.748513
315 33.584100
316 26.866653
317 35.590545
318 33.444274
319 31.390205
320 23.120778
321 33.846849
322 36.439083
323 21.117846
324 34.544144
325 36.625472
326 44.952935
327 36.657504
328 42.038621
329 24.145462
330 28.972364
331 26.404326
332 29.699411
333 29.326683
334 28.583699
335 31.466372
336 37.298471
337 32.813592
338 33.753199
339 31.863996
340 31.052523
341 39.772518
342 37.497462
343 35.301319
344 33.637734
345 24.392693
346 23.376875
347 23.896405
348 25.636552
349 28.571643
350 30.675539
351 35.963432
352 36.159704
353 40.592528
354 34.528987
355 30.170269
356 32.585491
357 30.672946
358 30.337365
359 33.953207
360 29.206555
361 35.238179
362 28.010640
363 26.200161
364 33.720173
365 40.246438
366 47.729577
367 48.777976
368 44.108906
369 39.833981
370 40.803591
371 39.935687
372 30.100126
373 36.387954
374 28.042094
375 27.884365
376 40.726183
377 37.053950
378 31.603228
379 40.924419
380 33.538891
381 35.952369
382 40.338434
383 33.144594
384 33.705385
385 32.279347
386 30.241896
387 33.376244
388 25.703107
389 30.126757
390 32.459709
391 34.097917
392 45.428386
393 48.695702
394 43.277366
395 30.713572
396 25.585819
397 27.979988
398 32.368824
399 27.995515
400 34.038377
401 29.291888
402 25.350950
403 31.645507
404 30.020917
405 32.324193
406 32.609895
407 46.283566
408 41.230865
409 42.176210
410 43.189857
411 42.810248
412 45.029111
413 49.497581
414 49.797150
415 38.964750
416 36.480680
417 32.078143
418 31.112705
419 28.830231
420 37.705039
421 41.072255
422 37.490629
423 40.009344
424 34.422413
425 32.712381
426 29.693080
427 36.350788
428 36.763260
429 43.779671
430 32.549516
431 33.797145
432 41.456741
433 32.942134
434 30.268940
435 32.290248
436 27.475185
437 30.721604
438 40.466658
439 38.916802
440 29.360946
441 33.219799
442 31.059670
443 37.225368
444 29.466262
445 26.504541
446 28.153983
447 29.701882
448 28.796559
449 28.405529
450 21.907758
451 24.585300
452 31.600432
453 38.574858
454 27.359536
455 26.370269
456 28.395879
457 34.103296
458 30.195200
459 25.184381
460 29.645214
461 28.982044
462 27.599278
463 27.990203
464 21.634912
465 19.800153
466 27.833397
467 28.223601
468 26.338273
469 27.921875
470 26.855009
471 26.562716
472 26.265251
473 29.119512
474 24.931767
475 20.092041
476 19.805869
477 22.559071
478 24.488976
479 23.220471
480 23.993233
481 22.707279
482 32.001393
483 34.882197
484 25.356161
485 23.327046
486 26.973845
487 32.206670
488 32.328887
489 39.774481
490 41.100042
491 43.591649
492 35.525154
493 35.948020
494 34.081440
495 31.724393
496 22.083438
497 24.800222
498 31.735708
499 32.764997
500 30.254653
501 39.681347
502 32.666856
503 30.497867
504 33.793173
505 36.627880
506 38.020270
507 38.554307
508 36.776197
509 39.118615
510 31.826244
511 35.600469
512 38.378264
513 47.040781
514 44.652778
515 32.476703
516 32.398789
517 36.602201
518 31.938978
519 27.926646
520 25.989683
521 23.628270
522 24.327926
523 18.548700
524 27.805190
525 30.223357
526 32.917820
527 34.011168
528 36.313102
529 28.748307
530 30.182736
531 26.876670
532 31.878364
533 30.690777
534 27.045869
535 26.315173
536 24.634222
537 29.589834
538 24.286403
539 25.047278
540 17.359687
541 22.757280
542 27.922824
543 28.280410
544 33.304204
545 34.106895
546 37.180385
547 40.111134
548 38.350534
549 36.187346
550 30.680927
551 35.009867
552 41.325529
553 33.130266
554 26.249478
555 23.266435
556 31.790690
557 33.455308
558 23.101882
559 26.535781
560 25.644981
561 33.908353
562 28.336497
563 28.427007
564 23.277401
565 29.541485
566 32.007027
567 33.408752
568 33.130498
569 22.350751
570 23.097341
571 19.505051
572 21.742524
573 31.243256
574 35.824436
575 31.434160
576 24.926700
577 30.235403
578 27.453028
579 26.511754
580 28.337969
581 28.676105
582 25.593800
583 26.089132
584 24.335258
585 24.840269
586 23.073895
587 20.643250
588 24.521786
589 27.973642
590 28.863659
591 29.150587
592 25.811273
593 24.185601
594 29.173730
595 30.654430
596 29.711365
597 25.394847
598 24.303549
599 23.763208
600 25.262767
601 22.563441
602 26.923655
603 26.172235
604 24.265008
605 24.186517
606 28.157492
607 23.286506
608 24.166844
609 28.243342
610 31.880382
611 29.192791
612 32.304624
613 32.372572
614 35.579068
615 33.838379
616 27.283530
617 30.174650
618 39.080342
619 37.275175
620 28.873838
621 27.600345
622 31.767121
623 36.255070
624 34.878840
625 27.304308
626 30.549691
627 41.110819
628 36.034713
629 37.831091
630 34.897267
631 33.015140
632 29.095930
633 41.999903
634 33.859576
635 30.655675
636 28.413608
637 29.710092
638 28.811236
639 27.275656
640 32.120037
641 32.351232
642 35.369795
643 30.399035
644 31.732052
645 27.768391
646 26.743511
647 32.428914
648 46.403181
649 42.328209
650 42.638226
651 38.783825
652 32.098243
653 32.010625
654 36.810258
655 27.567307
656 27.594492
657 27.464885
658 25.243391
659 22.475001
660 27.912520
661 29.890145
662 29.490049
663 19.527400
664 23.254353
665 34.974975
666 37.240450
667 36.789161
668 37.743150
669 27.741593
670 28.071583
671 28.387215
672 27.755380
673 29.884417
674 29.588668
675 36.507136
676 37.350903
677 27.340664
678 25.388039
679 26.830770
680 26.839945
681 30.249942
682 26.471989
683 20.388447
684 30.644093
685 26.897104
686 31.491542
687 35.956499
688 34.610807
689 34.467903
690 32.692914
691 35.045362
692 35.207029
693 32.199096
694 25.334926
695 30.101471
696 36.840894
697 31.585914
698 26.661428
699 24.596685
700 26.175605
701 25.803841
702 24.432102
703 20.538711
704 23.790021
705 26.805125
706 26.831845
707 34.156786
708 29.937037
709 28.248468
710 25.103175
711 24.328673
712 32.092572
713 33.220479
714 28.754639
715 33.139194
716 35.261610
717 36.359105
718 32.984693
719 29.213792
720 31.328478
721 41.863071
722 37.696682
723 37.715679
724 42.146184
725 37.538077
726 40.370544
727 29.165294
728 33.031707
729 36.015603
730 43.471827
731 45.396912
732 41.837171
733 35.907946
734 30.769420
735 38.670092
736 40.679265
737 38.076127
738 32.631307
739 33.502665
740 32.624912
741 38.305440
742 36.323785
743 42.178172
744 38.574074
745 39.524568
746 46.358442
747 32.261577
748 39.003052
749 40.594683
750 38.483358
751 31.863884
752 26.002577
753 32.743311
754 37.611836
755 38.078719
756 33.710114
757 31.108120
758 34.627485
759 28.823219
760 28.291147
761 39.667856
762 34.666485
763 29.583289
764 27.730723
765 30.086942
766 25.321423
767 30.293169
768 32.632061
769 36.154686
770 37.360263
771 37.506876
772 34.658319
773 32.114688
774 22.692037
775 30.565327
776 36.844011
777 29.421206
778 27.435198
779 24.253774
780 23.468012
781 27.059083
782 32.793885
783 33.043265
784 32.118120
785 34.081807
786 33.951498
787 30.659767
788 27.543487
789 34.358014
790 31.234110
791 34.510893
792 33.110010
793 35.946756
794 34.328995
795 38.815425
796 38.300868
797 36.413925
798 38.798974
799 27.285634
800 36.982204
801 29.891516
802 25.098073
803 26.324125
804 35.112449
805 35.565215
806 32.418172
807 27.311859
808 28.209180
809 27.347530
810 34.763869
811 24.117616
812 27.130988
813 27.796974
814 24.701088
815 37.630559
816 34.312560
817 37.456255
818 38.355693
819 38.395363
820 37.354236
821 37.844279
822 41.632900
823 42.894819
824 35.696398
825 36.219203
826 31.904916
827 35.764141
828 38.445599
829 26.307003
830 22.079825
831 21.384498
832 30.414961
833 33.483055
834 32.523329
835 29.746875
836 26.181917
837 22.019288
838 24.264841
839 29.141486
840 25.032518
841 26.590011
842 32.933266
843 36.949600
844 32.741052
845 34.899337
846 36.680969
847 30.546201
848 33.231677
849 27.823251
850 24.659853
851 31.994382
852 40.005723
853 34.223680
854 32.313340
855 35.498139
856 28.735300
857 22.529818
858 29.537304
859 30.075730
860 25.907211
861 24.286096
862 26.719016
863 26.607051
864 26.076502
865 19.893649
866 29.362884
867 23.874941
868 25.843045
869 24.215242
870 37.943330
871 28.711166
872 25.806479
873 30.245457
874 34.473360
875 30.138221
876 22.968600
877 22.767127
878 19.398965
879 26.512450
880 29.709739
881 26.507374
882 27.880406
883 27.041172
884 36.580706
885 34.535869
886 28.687895
887 28.639444
888 49.783092
889 46.169386
890 40.110951
891 37.334112
892 31.197703
893 33.630667
894 31.928809
895 40.785058
896 34.186361
897 27.950583
898 29.911274
899 25.145628
900 24.450673
901 24.176224
902 26.231158
903 25.053929
904 29.655102
905 26.919364
906 31.351023
907 25.754803
908 47.403074
909 39.437412
910 30.584051
911 30.748870
912 32.167964
913 35.243873
914 29.659662
915 32.878566
916 27.132734
917 23.145087
918 28.940365
919 32.254165
920 25.486586
921 32.210703
922 28.384979
923 29.811170
924 32.368329
925 31.718444
926 35.707781
927 40.522289
928 27.698426
929 31.560055
930 32.263042
931 20.202006
932 30.047855
933 35.760744
934 34.274843
935 47.573297
936 32.417719
937 46.306474
938 44.734972
939 38.684368
940 34.169234
941 37.478224
942 36.826431
943 30.254258
944 26.800032
945 26.761923
946 30.442057
947 31.215140
948 28.172118
949 26.253429
950 24.206551
951 25.742129
952 25.699394
953 31.029811
954 25.438082
955 32.324908
956 28.674347
957 32.363714
958 36.126299
959 38.187183
960 30.021006
961 29.675999
962 30.953727
963 24.323716
964 24.218215
965 30.555218
966 30.138869
967 32.073001
968 22.701004
969 29.249401
970 25.440829
971 26.528768
972 33.144867
973 32.625298
974 27.965212
975 24.703659
976 28.900397
977 30.770973
978 36.928197
979 35.262938
980 35.134148
981 26.591636
982 24.373677
983 21.943528
984 20.791435
985 19.913930
986 27.251938
987 28.764613
988 25.565433
989 29.287322
990 27.009290
991 23.854120
992 27.079072
993 31.608775
994 33.220628
995 38.848073
996 38.934445
997 35.404576
998 26.559506
999 33.385383
